7

1
5
50 50
550 550
2
200 200
100
400 400
50

2
5
50 50
550 550
5
100 100
30
200 100
50
300 300
140
500 200
80
200 400
100

2
5
50 50
1000 800
3
500 0
200
500 400
200
500 800
200

2
5
50 700
1000 700
12
100 200
100
300 300
100
500 600
100
0 500
50
800 200
200
200 700
100
700 500
100
500 50
200
1000 800
50
500 800
100
0 0
100
1200 0 200

2
5
50 450
1100 450
8
0 0
275
500 0
300
800 0
200
0 550
350
500 600
350
800 600
250
0 550
130
1000 470
170

2
5
0 500
1000 400
12
200 0
100
400 0
100
600 0
100
800 0
100
200 230
100
400 230
100
600 230
100
800 230
100
470 400
130
470 600
130
100 0
100
100 230
100

2
5
0 0
1900 1000
4
300 200 200
500 900 300
800 0 350
1000 700 400